position	conservation_score
1	1.0000
2	0.7000
3	0.6000
4	0.9000
5	0.7000
6	0.9000
7	0.9000
8	0.9000
9	0.9000
10	0.9000
11	0.9000
12	0.9000
13	0.9000
14	0.9000
15	0.9000
16	0.9000
17	0.9000
18	0.9000
19	0.9000
20	0.9000
21	0.9000
22	0.9000
23	0.9000
24	0.9000
25	0.9000
26	0.9000
27	0.9000
28	0.9000
29	0.9000
30	0.9000
31	0.9000
32	0.9000
33	0.9000
34	0.9000
35	0.9000
36	0.5000
37	0.6000
38	0.9000
39	0.9000
40	0.6000
41	0.6000
42	0.5000
43	0.3000
44	0.5000
45	0.7000
46	0.7000
47	0.6000
48	0.9000
49	0.8000
50	0.7000
51	0.5000
52	0.9000
53	0.9000
54	0.9000
55	0.9000
56	0.9000
57	0.9000
58	0.9000
59	0.9000
60	0.9000
61	0.9000
62	0.9000
63	0.9000
64	0.9000
65	0.9000
66	0.8000
67	0.6000
68	0.7000
69	0.8000
70	0.9000
71	0.9000
72	0.9000
73	0.9000
74	0.9000
75	0.9000
76	0.9000
77	0.9000
78	0.9000
79	0.9000
80	0.9000
81	0.9000
82	0.8000
83	0.9000
84	0.9000
85	0.9000
86	0.9000
87	0.9000
88	0.9000
89	0.9000
90	0.9000
91	0.9000
92	0.9000
93	0.9000
94	0.9000
95	0.9000
96	0.9000
97	0.9000
98	0.9000
99	0.9000
100	0.9000
101	0.9000
102	0.9000
103	0.9000
104	0.9000
105	0.9000
106	0.9000
107	0.9000
108	0.9000
109	0.9000
110	0.9000
111	0.9000
112	0.9000
113	0.9000
114	0.9000
115	0.9000
116	0.9000
117	0.9000
118	0.9000
119	0.9000
120	0.9000
121	0.9000
122	0.9000
123	0.9000
124	0.9000
125	0.9000
126	0.9000
127	0.8000
128	0.6000
129	0.8000
130	0.7000
131	0.8000
132	0.9000
133	0.6000
134	0.9000
135	0.7000
136	0.7000
137	0.8000
138	0.7000
139	0.5000
140	0.7000
141	0.7000
142	0.8000
143	0.7000
144	0.8000
145	0.8000
146	0.6000
147	0.8000
148	0.8000
149	0.6000
150	0.7000
151	0.8000
152	0.6000
153	0.7000
154	0.7000
155	0.7000
156	0.7000
157	0.9000
158	0.9000
159	0.9000
160	0.9000
161	0.9000
162	0.9000
163	0.9000
164	0.9000
165	0.9000
166	0.9000
167	0.9000
168	0.9000
169	0.9000
170	0.9000
171	0.9000
172	0.9000
173	0.9000
174	0.9000
175	0.9000
176	0.9000
177	0.9000
178	0.9000
179	0.9000
180	0.9000
181	0.9000
182	0.9000
183	0.9000
184	0.9000
185	0.9000
186	0.9000
187	0.9000
188	0.9000
189	0.9000
190	0.9000
191	0.9000
192	0.9000
193	0.9000
194	0.9000
195	0.9000
196	0.9000
197	0.9000
198	0.9000
199	0.9000
200	0.9000
201	0.9000
202	0.9000
203	0.9000
204	0.9000
205	0.9000
206	0.9000
207	0.9000
208	0.9000
209	0.9000
210	0.9000
211	0.9000
212	0.9000
213	0.9000
214	0.9000
215	0.9000
216	0.9000
217	0.9000
218	0.7000
219	0.7000
220	0.9000
221	0.8000
222	0.8000
223	0.9000
224	0.9000
225	0.7000
226	0.7000
227	0.7000
228	0.7000
229	0.7000
230	0.7000
231	0.9000
232	0.7000
233	0.7000
234	0.8000
235	0.7000
236	0.8000
237	0.8000
238	0.7000
239	0.8000
240	0.7000
241	0.7000
242	0.8000
243	0.7000
244	0.5000
245	0.7000
246	0.8000
247	0.5000
248	0.5000
249	1.0000
250	0.6000
251	0.8000
252	0.4000
253	0.7000
254	0.7000
255	0.9000
256	0.9000
257	0.7000
258	0.9000
259	0.7000
260	0.8000
261	0.7000
262	0.7000
263	0.9000
264	0.7000
265	0.8000
266	0.9000
267	0.9000
268	0.8000
269	0.9000
270	0.9000
271	0.9000
272	0.9000
273	0.9000
274	0.9000
275	0.9000
276	0.9000
277	0.9000
278	0.9000
279	0.9000
280	0.9000
281	0.9000
282	0.9000
283	0.9000
284	0.9000
285	0.9000
286	0.9000
287	0.9000
288	0.9000
289	0.9000
290	0.9000
291	0.9000
292	0.9000
293	0.9000
294	0.9000
295	0.9000
296	0.9000
297	0.9000
298	0.9000
299	0.9000
300	0.9000
301	0.9000
302	0.9000
303	0.9000
304	0.9000
305	0.9000
306	0.9000
307	0.9000
308	0.9000
309	0.9000
310	0.9000
311	0.9000
312	0.9000
313	0.9000
314	0.9000
315	0.9000
316	0.9000
317	0.9000
318	0.9000
319	0.9000
320	0.9000
321	0.9000
322	0.9000
323	0.9000
324	0.9000
325	0.9000
326	0.9000
327	0.9000
328	0.9000
329	0.9000
330	0.9000
331	0.9000
332	0.9000
333	0.9000
334	0.9000
335	0.9000
336	0.9000
337	0.9000
338	0.9000
339	0.9000
340	0.5000
341	0.8000
342	0.7000
343	0.7000
344	0.8000
345	0.7000
346	0.7000
347	0.8000
348	0.9000
349	0.8000
350	0.7000
351	0.4000
352	0.8000
353	0.8000
354	0.6000
355	0.4000
356	0.7000
357	0.8000
358	0.7000
359	0.9000
360	0.7000
361	0.8000
362	0.5000
363	0.5000
364	0.7000
365	0.9000
366	0.7000
367	0.8000
368	0.9000
369	0.6000
370	0.7000
371	0.7000
372	0.8000
373	0.7000
374	0.5000
375	0.7000
376	0.8000
377	0.8000
378	0.9000
379	0.9000
380	0.9000
381	0.7000
382	0.7000
383	0.9000
384	0.7000
385	0.7000
386	0.7000
387	0.7000
388	0.8000
389	0.7000
390	0.7000
391	0.8000
392	0.8000
393	0.6000
394	0.8000
395	0.9000
396	0.9000
397	0.9000
398	0.9000
399	0.9000
400	0.9000
401	0.9000
402	0.9000
403	0.9000
404	0.9000
405	0.9000
406	0.9000
407	0.6000
408	0.7000
409	0.5000
410	0.9000
411	0.9000
412	0.9000
413	0.9000
414	0.9000
415	0.9000
416	0.9000
417	0.9000
418	0.9000
419	0.9000
420	0.8000
421	0.8000
422	0.7000
423	0.7000
424	0.7000
425	0.7000
426	0.8000
427	0.9000
428	0.7000
429	0.7000
430	0.9000
431	0.9000
432	0.9000
433	0.9000
434	0.9000
435	0.9000
436	0.7000
437	0.7000
438	0.8000
439	0.9000
440	0.7000
441	0.9000
442	0.7000
443	0.9000
444	0.8000
445	0.9000
446	0.9000
447	0.9000
448	0.9000
449	0.9000
450	0.8000
451	0.9000
452	0.8000
453	0.8000
454	0.8000
455	0.7000
456	0.7000
457	0.7000
458	0.7000
459	0.7000
460	0.8000
461	0.7000
462	0.7000
463	0.7000
464	0.9000
465	0.9000
466	0.9000
467	0.9000
468	0.9000
469	0.9000
470	0.9000
471	0.9000
472	0.9000
473	0.9000
474	0.9000
475	0.9000
476	0.9000
477	0.9000
478	0.9000
479	0.9000
480	0.9000
481	0.9000
482	0.9000
483	0.9000
484	0.9000
485	0.9000
486	0.9000
487	0.9000
488	0.9000
489	0.9000
490	0.9000
491	0.9000
492	0.9000
493	0.9000
494	0.9000
495	0.9000
496	0.9000
497	0.9000
498	0.9000
499	0.9000
500	0.9000
501	0.9000
502	0.8000
503	0.8000
504	0.7000
505	0.7000
506	0.7000
507	0.7000
508	0.8000
509	0.8000
510	0.8000
511	0.8000
512	0.9000
513	0.7000
514	0.8000
515	0.9000
516	0.9000
517	0.7000
518	0.7000
519	0.9000
520	0.8000
521	0.6000
522	0.9000
523	0.7000
524	0.9000
525	0.9000
526	0.9000
527	0.9000
528	0.9000
529	0.6000
530	0.8000
531	0.8000
532	0.8000
533	0.7000
534	0.7000
535	0.7000
536	0.8000
537	0.7000
538	0.7000
539	0.8000
540	0.7000
541	0.7000
542	0.7000
543	0.8000
544	0.7000
545	0.7000
546	0.7000
547	0.7000
548	0.8000
549	0.7000
550	0.8000
551	0.8000
552	0.8000
553	0.7000
554	0.7000
555	0.4000
556	0.9000
557	0.8000
558	0.9000
559	0.7000
560	0.7000
561	0.9000
562	0.9000
563	0.8000
564	0.7000
565	0.7000
566	0.7000
567	0.8000
568	0.7000
569	0.8000
570	0.7000
571	0.8000
572	0.8000
573	0.7000
574	0.8000
575	0.7000
576	0.9000
577	0.7000
578	0.7000
579	0.8000
580	0.8000
581	0.8000
582	0.9000
583	0.7000
584	0.8000
585	0.8000
586	0.9000
587	0.8000
588	0.7000
589	0.7000
590	0.8000
591	0.7000
592	0.8000
593	0.8000
594	0.9000
595	0.9000
596	0.8000
597	0.7000
598	0.7000
599	0.8000
600	0.8000
601	0.6000
602	0.7000
603	0.6000
604	0.8000
605	0.7000
606	0.9000
607	0.9000
608	0.9000
609	0.9000
610	0.9000
611	0.9000
612	0.9000
613	0.9000
614	0.9000
615	0.9000
616	0.9000
617	0.9000
618	0.9000
619	0.9000
620	0.9000
621	0.9000
622	0.9000
623	0.9000
624	0.9000
625	0.9000
626	0.9000
627	0.9000
628	0.7000
629	0.7000
630	0.7000
631	0.8000
632	0.8000
633	0.8000
634	0.6000
635	0.7000
636	0.7000
637	0.7000
638	0.7000
639	0.7000
640	0.7000
641	0.7000
642	0.7000
643	0.8000
644	0.7000
645	0.7000
646	0.7000
647	0.7000
648	0.6000
649	0.7000
650	0.7000
651	0.7000
652	0.7000
653	0.7000
654	0.7000
655	0.7000
656	0.6000
657	0.8000
658	0.5000
659	0.8000
660	0.7000
661	0.8000
662	0.7000
663	0.8000
664	0.7000
665	0.9000
666	0.8000
667	0.7000
668	0.7000
669	0.7000
670	0.7000
671	0.7000
672	0.8000
673	0.7000
674	0.9000
675	0.7000
676	0.7000
677	0.7000
678	0.7000
679	0.7000
680	0.7000
681	0.8000
682	0.7000
683	0.8000
684	0.7000
685	0.8000
686	0.7000
687	0.7000
688	0.7000
689	0.7000
690	0.4000
691	0.3000
692	0.8000
693	0.9000
694	0.9000
695	0.9000
696	0.9000
697	0.9000
698	0.9000
699	0.9000
700	0.5000
701	0.7000
702	0.6000
703	0.3000
704	0.7000
705	0.5000
